1,21.801956,12.220855,8.733333,183.198249,13.661090,38.833256,2
2,17.279145,13.586879,8.733333,0.230211,12.621615,34.973353,2
3,5.000000,1.904802,-8.733333,92.489832,1.145714,38.971280,2
4,15.842410,13.700638,8.728563,84.869808,20.486430,40.000000,2
5,14.600359,9.485389,4.281817,92.183273,16.030557,70.177611,3
6,13.680424,1.463106,-4.404538,154.031946,16.232516,63.289645,3
7,8.850749,4.177473,-3.836421,64.494361,1.394899,48.679419,2
8,16.520515,8.203223,4.666667,156.947859,18.929692,37.221759,2
9,19.794440,14.362603,8.733333,94.271431,20.556913,38.172361,2
10,16.142343,14.473328,8.733333,7.152547,21.656763,13.222719,1
11,5.000000,2.364196,-8.709176,35.174883,18.896654,30.247705,2
12,16.766489,14.558892,8.733333,144.351607,17.282298,35.722072,2
13,16.793766,14.357504,8.733333,94.697199,11.294303,48.465959,2
14,13.524100,7.280635,3.098590,30.544240,3.907254,32.427836,2
15,17.080653,12.004207,8.733333,68.224921,8.768969,39.083654,2
16,5.000000,2.128295,-8.728153,121.477843,2.946488,26.411924,2
17,10.440456,6.326419,-0.000000,38.349051,0.679570,44.468397,2
18,20.355591,13.736033,8.733333,147.685368,20.661118,13.591744,1
19,12.178728,11.883110,6.979704,48.569920,6.628733,29.206084,2
20,21.458750,14.392386,8.733333,183.484868,6.501744,13.222719,1
21,18.719774,9.836110,4.749161,53.812317,7.324598,38.022741,2
22,11.023337,0.535675,-4.524367,153.100003,10.275500,29.920755,2
23,18.095852,12.736940,8.733333,37.732395,14.260365,43.731324,2
24,15.905819,14.009899,8.730487,57.499635,0.555020,33.931854,2
25,15.604149,10.181027,4.982862,18.222693,18.528545,36.598258,2
26,21.607487,11.366102,8.589949,115.241876,12.298716,47.421028,2
27,17.081477,11.146987,8.700974,136.672649,18.790199,30.586285,2
28,14.282340,5.883405,3.869235,109.318623,7.653342,42.165025,2
29,12.650170,9.832168,1.637262,85.145768,9.812586,61.211738,3
30,12.068159,2.567800,-4.373810,128.888556,1.193269,35.308083,2
31,17.710786,10.590691,6.418728,129.523526,3.896366,20.993499,1
32,15.094192,0.477493,-4.347475,135.803351,14.581777,67.990311,3
33,11.212271,4.153845,-3.335452,127.157342,7.278238,39.991179,2
34,8.521701,0.692571,-5.443283,189.034823,19.766695,27.826752,2
35,21.753114,1.456977,-4.333333,41.786984,2.599414,38.771365,2
36,12.715977,12.351867,8.463907,141.856341,21.745194,13.310914,1
37,20.670525,10.422429,5.728301,47.246115,11.879606,45.484164,2
38,20.504761,4.756492,3.509007,23.879250,15.552183,54.013767,3
39,20.421104,14.253331,8.733333,121.460788,21.988816,26.422666,2
40,5.000000,0.516691,-8.733333,90.027539,6.332686,39.988358,2
41,10.618914,6.581165,-0.000000,91.745099,9.119496,66.545173,3
42,11.181854,5.723377,-1.004571,132.388950,10.226479,41.905486,2
43,18.631619,11.482752,8.509907,154.057103,16.807056,37.241915,2
44,13.303362,11.927999,6.955259,70.043603,18.000489,57.020777,3
45,16.648429,2.803089,-4.352375,132.401920,2.204874,31.016266,2
46,8.910905,7.346466,-0.000000,83.231718,3.918573,68.333333,3
47,16.696876,6.683793,4.681215,168.385831,7.911968,25.079942,2
48,15.775656,9.694695,4.726229,166.583364,1.247503,24.797741,1
49,19.490132,10.640472,6.638480,51.288198,11.481485,41.707179,2
50,18.956682,11.320300,8.617869,122.692147,7.388677,25.619081,2
51,20.280485,4.140376,-0.955708,116.449833,3.864719,51.010241,3
52,20.712399,10.195540,5.011175,108.147867,4.596827,37.637004,2
53,13.894414,9.826470,3.541325,173.988206,19.913378,32.867261,2
54,16.107220,2.439176,-4.339555,52.955805,14.858606,57.828300,3
55,5.783698,1.784965,-8.711129,63.614815,10.306300,39.301368,2
56,7.919054,7.475461,-0.000000,23.842908,20.066914,40.000000,2
57,20.053981,14.396159,8.733333,187.965894,2.288255,13.222719,1
58,13.553272,5.105786,3.136211,129.110375,16.402014,56.510238,3
59,15.124059,8.779016,4.693180,95.892645,16.197884,64.151204,3
60,20.223754,3.357179,-4.379991,127.863392,12.360951,51.379358,3
61,17.813481,11.269006,8.646427,108.943222,4.052270,32.536053,2
62,15.051632,3.826427,-4.410221,129.462296,13.138650,57.492377,3
63,19.974473,7.589356,4.666667,108.777187,6.598614,39.011030,2
64,19.760435,10.486151,5.983553,144.209324,2.950705,14.750956,1
65,18.344376,13.363549,8.733333,104.499061,4.677234,34.323967,2
66,15.781526,14.389371,8.726235,198.740925,19.688717,21.233178,1
67,11.517319,8.208233,-0.000000,43.735326,1.571962,49.751282,2
68,19.739246,2.079367,-4.333726,21.159655,5.334704,27.120415,2
69,5.000000,2.239410,-8.720545,21.939493,1.182597,13.226811,1
70,12.748150,3.862624,-4.412917,12.718274,9.717885,26.675046,2
71,14.187467,12.610759,8.531173,80.915999,0.292230,40.000000,2
72,21.612291,3.814233,-4.409342,89.674582,19.738210,72.754198,3
73,19.188506,12.214272,8.733333,73.163235,4.326480,40.000000,2
74,12.835090,3.652875,-4.402245,152.700928,2.054151,26.735526,2
75,17.736419,13.938954,8.733333,125.579276,6.762072,23.465245,1
76,6.248387,5.249756,-3.705045,154.396077,10.033269,30.571536,2
77,15.941224,2.948929,-4.359020,186.570714,2.236727,26.978910,2
78,5.000000,3.766258,-8.427837,194.548171,21.898574,13.323980,1
79,10.152266,9.240670,-0.000000,38.405670,7.306042,44.535622,2
80,14.872263,7.099333,4.564686,27.774841,6.541630,25.799988,2
81,6.892713,5.274893,-3.643595,139.253267,1.364995,30.406598,2
82,20.265579,12.462429,8.733333,18.764005,6.561367,13.222719,1
83,19.587783,8.778961,4.666667,105.080881,1.019728,40.670599,2
84,18.182394,8.245854,4.666667,106.068844,11.119419,46.080191,2
85,14.993110,13.757905,8.655515,172.227962,16.751370,37.439128,2
86,15.970787,4.287585,0.829802,96.970667,13.883540,77.388991,4
87,16.876889,11.358003,8.595040,78.691272,1.977616,40.000000,2
88,21.710988,11.305936,8.626227,134.286228,1.778973,14.217788,1
89,16.280909,5.706688,4.835485,148.251589,17.099292,42.697416,2
90,19.307922,8.517325,4.666667,104.010493,19.912964,45.502959,2
91,10.605026,1.137814,-4.624613,69.542534,11.742983,57.562484,3
92,9.971951,0.809252,-4.797345,29.999451,2.401393,24.346353,1
93,19.547749,7.961963,4.666667,117.218413,18.167795,48.111419,2
94,12.548290,11.687508,5.811630,52.429064,7.438150,32.005268,2
95,15.074175,14.010160,8.665299,8.890818,6.467407,13.244524,1
96,5.425279,1.948593,-8.724451,150.986653,16.418895,62.900883,3
97,13.797366,8.532355,3.430250,48.557072,0.227406,44.511688,2
98,19.477586,7.040860,4.666667,88.480463,1.065841,48.425149,2
99,17.709122,0.178531,-4.333333,137.559217,14.694155,67.989083,3
100,6.081413,5.056840,-4.183082,71.845642,13.276296,66.787182,3
101,10.245117,2.432735,-4.730655,147.268015,11.574254,42.930342,2
102,17.228196,11.914268,8.719198,78.941495,16.053608,67.855549,3
103,11.892100,4.668226,-0.860021,136.683173,15.559577,68.303222,3
104,17.171331,7.927997,4.666667,140.809486,17.190295,43.180206,2
105,14.739800,2.484731,-4.358795,88.461083,6.335493,50.032855,3
106,12.816842,9.029729,1.964625,3.915525,15.235704,60.088251,3
107,11.738217,3.944569,-4.438942,66.171576,12.246736,57.458738,3
108,9.999956,9.811186,-0.000000,84.861899,8.723457,68.310595,3
109,21.814155,10.338218,5.396578,54.054085,1.354995,34.967384,2
110,13.023969,11.222274,5.129607,39.410760,17.163862,45.013832,2
111,8.377060,6.758124,0.000000,164.344237,7.426845,40.000000,2
112,8.982096,1.257321,-5.183988,85.984282,13.373050,64.787089,3
113,7.112791,3.434655,-7.841996,177.554191,16.307589,64.041298,3
114,17.764438,13.700060,8.733333,78.236599,2.305891,40.000000,2
115,8.978555,2.285670,-5.185669,153.822877,2.813544,21.622470,1
116,21.535036,12.387255,8.733333,79.358303,12.089882,55.974680,3
117,20.890635,8.075137,4.666667,161.702819,10.675047,33.900298,2
118,15.313814,14.942021,8.691478,151.015420,19.590465,22.929300,1
119,16.540274,1.172633,-4.333333,75.479109,17.577126,73.008790,3
120,10.773802,6.640174,-0.000000,43.203783,16.155504,71.554883,3
121,10.225726,1.599792,-4.724374,158.081444,1.129301,24.809431,1
122,18.576692,14.428471,8.733333,189.860782,1.603477,13.222719,1
123,20.744194,0.069513,-4.333333,65.513087,1.947604,47.080853,2
124,15.958313,11.623657,8.583405,134.252874,17.563719,35.586368,2
125,21.834923,12.259548,8.733333,87.728997,20.746179,40.000000,2
126,15.734345,13.030421,8.723577,166.700119,15.041743,40.000000,2
127,15.802742,1.266538,-4.334121,153.770850,2.905825,27.118208,2
128,16.660334,5.996740,4.778407,33.450709,15.899940,47.817707,2
129,13.657293,3.898056,-4.415686,172.396096,2.427777,26.659328,2
130,18.981365,12.001027,8.733333,197.974431,2.584843,13.222719,1
131,16.821581,6.471207,4.703882,102.884691,14.095794,60.615554,3
132,15.145390,13.659714,8.673677,176.856205,7.233913,13.241834,1
133,5.194837,2.727705,-8.659993,117.605211,14.383864,68.103494,3
134,21.983408,3.957044,-4.418502,30.950470,16.480892,47.535646,2
135,5.574176,2.183085,-8.719492,39.972565,12.830086,42.183137,2
136,5.000000,2.041028,-8.731681,81.390967,16.280711,68.308577,3
137,18.068079,13.039383,8.733333,149.741144,5.166192,13.222719,1
138,20.428301,8.695569,4.666667,165.116763,16.169066,47.656642,2
139,17.450467,8.247903,4.666667,157.992606,21.353168,25.170490,2
140,5.949791,2.174322,-8.703330,63.704849,19.072466,54.458239,3
141,16.191171,12.795467,8.733333,106.812825,1.897160,33.410341,2
142,15.167844,9.330827,4.690697,17.990136,8.061606,25.020752,2
143,21.692698,5.264286,4.703851,22.341149,8.122374,24.938417,1
144,9.935531,7.698743,-0.000000,27.258510,15.070626,68.333333,3
145,19.692283,6.027121,4.773039,135.730461,13.154716,44.103609,2
146,14.589611,1.139500,-4.363879,99.035404,17.366007,57.417312,3
147,10.522624,3.598742,-4.806968,37.942081,8.088364,30.960156,2
148,5.696938,1.849784,-8.715159,99.001165,4.532613,36.363920,2
149,10.998797,2.758617,-4.539822,29.521644,1.906664,25.945849,2
150,12.468837,3.599288,-4.395367,10.994829,16.982546,45.405598,2
151,8.157553,6.259006,0.000000,170.142535,4.524839,40.000000,2
152,13.274906,0.744816,-4.419232,112.111905,8.541976,38.744831,2
153,15.454122,13.540742,8.704360,185.921773,12.139128,32.792381,2
154,17.182680,14.171808,8.733333,139.333440,5.036972,13.222719,1
155,15.896156,7.362961,4.667360,116.558193,14.122694,56.583143,3
156,11.030572,7.338790,-0.000000,163.079442,10.658568,46.135402,2
157,9.984174,5.065791,-1.452521,175.802781,3.340602,36.924940,2
158,18.745582,13.500808,8.733333,197.782323,17.202503,35.976794,2
159,9.905570,5.538702,-1.899445,0.104475,2.213339,35.864620,2
160,18.429226,1.668041,-4.333333,173.087718,6.469459,27.122605,2
161,21.821499,11.703781,8.631714,122.513294,5.222206,25.741373,2
162,17.642461,5.846083,4.807981,197.990041,11.679190,38.013535,2
163,9.943982,3.625369,-5.030337,105.536014,2.012972,38.666831,2
164,15.369517,6.058682,4.767723,95.904677,8.916939,44.728118,2
165,5.000000,1.446818,-8.733333,160.269521,2.306617,13.222719,1
166,20.124252,1.979599,-4.333333,45.568587,2.470247,39.262789,2
167,21.052966,14.130759,8.733333,99.618858,17.257414,54.801000,3
168,20.604414,14.342018,8.733333,180.170498,6.414547,13.222719,1
169,12.114550,8.628129,0.343259,114.932244,13.277736,69.916162,3
170,13.439575,0.896693,-4.417474,169.035637,21.217299,26.649172,2
171,5.000000,3.521699,-8.491554,147.728058,9.514670,13.731233,1
172,12.400324,5.297379,1.087315,117.197407,15.284548,70.619317,3
173,15.345683,12.317911,8.694646,49.346905,16.678184,51.171632,3
174,5.000000,0.231052,-8.733333,133.283243,9.518131,16.049405,1
175,5.000000,0.645357,-8.733333,16.696563,14.420957,40.000000,2
176,10.766384,2.534850,-4.588736,125.191957,2.414611,37.082056,2
177,10.892292,9.736732,-0.000000,132.188912,20.542717,44.681751,2
178,17.574059,10.975836,8.542115,145.950371,4.124138,13.284230,1
179,15.500934,9.716189,4.729755,178.150423,5.855934,24.775509,1
180,17.367440,6.763856,4.675248,196.460645,17.552266,41.645544,2
181,17.859993,8.205133,4.666667,153.805817,10.727283,34.436161,2
182,15.654340,4.444812,1.986337,116.289298,16.917082,63.236290,3
183,11.534308,11.170392,4.827773,185.662612,8.712148,24.144444,1
184,5.000000,2.834325,-8.641561,116.018073,6.004653,29.396956,2
185,14.040427,10.301632,3.939145,3.396588,0.819162,29.112908,2
186,12.970389,2.752667,-4.407187,24.171914,14.812488,49.787134,2
187,16.307777,5.527269,4.788694,172.542144,9.450418,24.401644,1
188,14.526689,9.384278,4.206393,96.859302,9.938263,47.019929,2
189,20.146421,11.703412,8.631511,168.971135,13.416858,37.995052,2
190,16.146622,1.216887,-4.333333,41.881017,1.306873,38.884138,2
191,21.747338,13.940790,8.733333,110.458268,6.947852,31.895879,2
192,17.142599,11.635690,8.591082,125.976677,16.999887,44.164664,2
193,12.080907,7.301874,0.244395,6.398203,15.321526,67.134317,3
194,8.171130,6.537879,-0.000000,122.942684,2.757308,49.652555,2
195,16.048351,6.701756,4.679552,72.482292,2.863332,48.355582,2
196,18.150107,4.595242,2.783609,9.906516,2.031751,33.440190,2
197,13.713652,7.627630,3.333100,97.913998,0.172046,50.223087,3
198,8.963836,7.661573,-0.000000,38.502079,9.308406,44.659915,2
199,14.858671,12.264416,8.637661,24.616750,14.422610,40.000000,2
200,13.470951,11.922471,6.964659,41.098834,15.904296,47.496984,2
201,13.131036,9.664772,2.518285,29.302982,11.686604,46.813397,2
202,12.861708,5.679141,2.301775,37.814435,2.393995,38.969446,2
203,17.353566,12.173707,8.733333,8.530482,13.898860,39.647451,2
204,14.399809,7.992384,4.076727,127.039583,2.782997,38.175916,2
205,19.913834,5.260907,4.702901,56.373371,2.954673,39.609701,2
206,18.185394,14.085023,8.733333,107.719336,2.169070,33.042605,2
207,21.500448,13.139142,8.733333,139.032608,3.124599,13.222719,1
208,17.019350,8.252345,4.666667,99.823203,3.701529,43.227914,2
209,21.464284,9.337126,4.683193,107.160211,4.317476,39.645165,2
210,11.981638,8.805671,-0.000000,89.036633,6.984555,68.333333,3
211,15.883937,3.116134,-4.367224,24.786456,6.961438,26.932911,2
212,9.571921,4.518695,-2.326187,98.071459,4.786393,53.794637,3
213,17.098078,7.063850,4.666667,170.599631,5.522921,25.170490,2
214,16.347089,3.457322,-4.386656,174.785481,19.644293,35.384357,2
215,13.299369,12.664632,8.368775,54.058866,15.470911,56.266622,3
216,7.782487,2.921464,-6.164704,41.692272,12.226235,41.895335,2
217,7.558475,3.388827,-6.427124,112.995914,4.057541,30.795510,2
218,15.542874,2.560621,-4.343262,128.062365,4.664679,36.311209,2
219,19.108023,3.414964,-4.384155,83.405790,1.701630,49.903953,2
220,11.862426,6.535480,-0.000000,41.195103,20.103609,51.923202,3
221,18.195645,4.666534,3.112274,189.586624,15.547735,55.670389,3
222,19.354182,13.850695,8.733333,16.414241,12.271357,33.427786,2
223,6.557513,6.453111,-0.000000,21.141885,6.895438,40.000000,2
224,14.350632,2.772245,-4.373582,28.408224,3.656478,26.897196,2
225,16.832452,13.573215,8.733333,33.292088,13.694940,38.949597,2
