1,0,7,38.833256,2
2,0,10,34.973353,2
3,0,47,38.971280,2
4,0,74,40.000000,2
5,0,77,70.177611,3
6,1,32,63.289645,3
7,1,62,48.679419,2
8,2,7,37.221759,2
9,2,12,38.172361,2
10,2,30,13.222719,1
11,2,48,30.247705,2
12,2,75,35.722072,2
13,3,4,48.465959,2
14,3,25,32.427836,2
15,3,28,39.083654,2
16,3,68,26.411924,2
17,3,71,44.468397,2
18,4,22,13.0,2
19,4,24,29.206084,2
20,4,30,13.222719,1
21,4,31,38.022741,2
22,4,78,29.920755,2
23,4,79,43.731324,2
24,5,1,33.931854,2
25,5,5,36.598258,2
26,5,33,47.421028,2
27,5,40,30.586285,2
28,5,43,42.165025,2
29,6,2,61.211738,3
30,6,11,35.308083,2
31,6,21,20.993499,1
32,6,24,67.990311,3
33,7,17,39.991179,2
34,7,39,27.826752,2
35,7,59,38.771365,2
36,7,69,13.310914,1
37,9,20,45.484164,2
38,9,29,54.013767,3
39,10,0,26.422666,2
40,10,6,39.988358,2
41,10,10,66.545173,3
42,10,23,41.905486,2
43,10,31,37.241915,2
44,10,55,57.020777,3
45,11,13,31.016266,2
46,11,58,68.333333,3
47,11,75,25.079942,2
48,12,63,24.797741,1
49,13,4,41.707179,2
50,13,10,25.619081,2
51,13,14,51.010241,3
52,13,23,37.637004,2
53,14,7,32.867261,2
54,14,39,57.828300,3
55,15,4,39.301368,2
56,15,60,40.000000,2
57,16,2,13.222719,1
58,16,23,56.510238,3
59,16,68,64.151204,3
60,17,20,51.379358,3
61,18,42,32.536053,2
62,18,65,57.492377,3
63,18,69,39.011030,2
64,18,78,14.750956,1
65,19,1,34.323967,2
66,19,11,21.233178,1
67,19,72,49.751282,2
68,20,8,27.120415,2
69,20,16,13.226811,1
70,20,21,26.675046,2
71,20,25,40.000000,2
72,20,67,72.754198,3
73,21,2,40.000000,2
74,21,70,26.735526,2
75,22,78,23.465245,1
76,24,0,30.571536,2
77,24,52,26.978910,2
78,25,8,13.323980,1
79,25,10,44.535622,2
80,25,49,25.799988,2
81,26,0,30.406598,2
82,26,46,13.222719,1
83,26,52,40.670599,2
84,27,49,46.080191,2
85,28,2,37.439128,2
86,28,46,77.388991,4
87,28,51,40.000000,2
88,28,68,14.217788,1
89,28,75,42.697416,2
90,30,58,45.502959,2
91,32,39,57.562484,3
92,32,72,24.346353,1
93,32,77,48.111419,2
94,33,8,32.005268,2
95,33,62,13.244524,1
96,33,78,62.900883,3
97,34,8,44.511688,2
98,34,74,48.425149,2
99,35,9,67.989083,3
100,35,54,66.787182,3
101,36,7,42.930342,2
102,36,50,67.855549,3
103,36,72,68.303222,3
104,36,78,43.180206,2
105,37,23,50.032855,3
106,37,32,60.088251,3
107,37,37,57.458738,3
108,37,48,68.310595,3
109,38,47,34.967384,2
110,38,70,45.013832,2
111,39,12,40.000000,2
112,39,52,64.787089,3
113,40,49,64.041298,3
114,40,74,40.000000,2
115,41,37,21.622470,1
116,41,41,55.974680,3
117,42,77,33.900298,2
118,43,4,22.929300,1
119,43,66,73.008790,3
120,44,12,71.554883,3
121,44,14,24.809431,1
122,44,51,13.222719,1
123,44,65,47.080853,2
124,45,29,35.586368,2
125,45,53,40.000000,2
126,45,75,40.000000,2
127,45,78,27.118208,2
128,47,19,47.817707,2
129,47,40,26.659328,2
130,47,49,13.222719,1
131,48,50,60.615554,3
132,48,58,13.241834,1
133,49,8,68.103494,3
134,50,16,47.535646,2
135,50,61,42.183137,2
136,50,75,68.308577,3
137,52,1,13.222719,1
138,52,22,47.656642,2
139,53,30,25.170490,2
140,53,45,54.458239,3
141,54,42,33.410341,2
142,54,77,25.020752,2
143,55,33,24.938417,1
144,56,6,68.333333,3
145,56,70,44.103609,2
146,57,28,57.417312,3
147,58,13,30.960156,2
148,58,76,36.363920,2
149,59,3,25.945849,2
150,60,34,45.405598,2
151,60,35,40.000000,2
152,60,53,38.744831,2
153,61,22,32.792381,2
154,61,34,13.222719,1
155,61,35,56.583143,3
156,63,44,46.135402,2
157,64,67,36.924940,2
158,65,15,35.976794,2
159,66,31,35.864620,2
160,66,58,27.122605,2
161,66,61,25.741373,2
162,67,30,38.013535,2
163,67,43,38.666831,2
164,68,10,44.728118,2
165,68,27,13.222719,1
166,69,29,39.262789,2
167,69,33,54.801000,3
168,69,39,13.222719,1
169,69,60,69.916162,3
170,69,66,26.649172,2
171,72,12,13.731233,1
172,72,20,70.619317,3
173,72,74,51.171632,3
174,72,78,16.049405,1
175,74,6,40.000000,2
176,75,75,37.082056,2
177,76,4,44.681751,2
178,76,27,13.284230,1
179,77,9,24.775509,1
180,79,13,41.645544,2
181,79,17,34.436161,2
182,79,29,63.236290,3
183,79,69,24.144444,1
184,79,78,29.396956,2
185,82,13,29.112908,2
186,83,17,49.787134,2
187,83,67,24.401644,1
188,85,12,47.019929,2
189,85,20,37.995052,2
190,85,36,38.884138,2
191,85,44,31.895879,2
192,85,78,44.164664,2
193,86,6,67.134317,3
194,87,40,49.652555,2
195,87,50,48.355582,2
196,87,74,33.440190,2
197,88,36,50.223087,3
198,89,48,44.659915,2
199,89,70,40.000000,2
200,90,18,47.496984,2
201,91,23,46.813397,2
202,91,77,38.969446,2
203,92,50,39.647451,2
204,92,66,38.175916,2
205,93,40,39.609701,2
206,93,49,33.042605,2
207,94,47,13.222719,1
208,95,31,43.227914,2
209,95,43,39.645165,2
210,95,50,68.333333,3
211,96,4,26.932911,2
212,96,12,53.794637,3
213,96,16,25.170490,2
214,96,23,35.384357,2
215,96,29,56.266622,3
216,96,53,41.895335,2
217,97,3,30.795510,2
218,97,4,36.311209,2
219,97,13,49.903953,2
220,97,41,51.923202,3
221,97,71,55.670389,3
222,98,25,33.427786,2
223,98,35,40.000000,2
224,98,52,26.897196,2
225,98,74,38.949597,2
